0 1348.880376 85.444444 314.862562 167.463246 0.004533
0 1201.851462 220.381556 168.035530 440.763112 5.063600
0 1148.244163 425.942559 169.966890 478.980766 1.970636
0 1044.050542 622.781767 199.112592 424.166270 5.079979
0 467.425926 453.388889 302.381913 604.965436 3.488611
0 203.892240 304.883700 234.034055 453.445779 3.523718
0 2390.480884 217.050597 180.290754 434.101194 2.002814
0 2302.437733 378.239263 161.095195 436.789988 2.020477
0 2201.352680 555.625686 181.759313 388.528380 2.002367
0 2061.357266 970.810769 183.659599 384.705196 2.017299
0 2001.516360 1175.679416 149.686017 381.840216 2.019970
0 1919.438087 1364.819854 192.953190 401.060270 1.986081
0 1834.746767 1564.468906 159.635283 406.559860 2.002369
0 1756.500000 1749.000000 163.000000 432.000000 1.995585
0 1332.670702 1909.508069 191.909654 436.913062 0.370876
0 1117.073715 1828.364450 194.748433 436.177763 3.519387
0 904.600640 1772.891445 202.432854 428.725469 0.376549
0 707.941738 1708.178670 174.086359 446.972720 3.505801
0 459.925926 1634.888889 197.751667 476.036005 3.442608
0 256.611336 1530.638275 205.279508 392.935003 3.504405
0 94.767843 1478.988225 182.938199 395.696942 3.153243
0 101.463010 2204.477229 198.953170 435.738485 6.278653
0 352.500000 2331.000000 241.000000 500.000000 0.387135
0 728.372457 2396.147879 211.527650 421.603048 0.373193
0 1102.425926 3110.888889 205.572414 407.157196 5.041082
0 991.039302 3481.839832 220.084810 332.320335 1.853224
0 838.528076 3599.944444 383.204300 96.111110 0.000000
0 48.425926 3377.888889 93.000000 170.000000 0.000000
