0 868.500000 1622.000000 237.000000 418.000000 -1.523150
0 844.529650 1870.031921 174.951720 442.536582 -1.510416
0 830.925939 2101.049255 201.049308 432.432624 -1.509279
0 886.420049 2302.460407 173.909392 395.322085 -1.495698
0 836.600980 2519.211908 217.721467 457.194154 -1.477020
0 856.798552 2732.070792 175.070786 420.235726 -1.451454
0 803.231305 2942.088611 198.037467 416.797581 4.752267
0 811.020893 3155.130072 224.937650 450.741915 -1.533157
0 1418.500000 2885.000000 237.000000 446.000000 4.764446
0 1370.500000 2455.500000 241.000000 459.000000 4.745855
0 1409.231303 1798.409371 209.557174 472.881137 4.755840
0 1408.710182 1560.827484 211.193910 468.872612 4.782860
0 1404.569739 1118.818955 223.909438 467.008102 4.730569
0 2503.806616 1004.605221 181.211355 439.216881 4.707833
0 2484.000000 1242.500000 232.000000 431.000000 -1.594866
0 2545.706635 1478.480935 213.036899 454.510078 -1.526312
0 2491.985799 1718.429584 210.918224 433.255811 -1.494951
0 2460.391868 1922.319876 222.395280 463.765635 -1.420425
0 2429.985160 2157.251876 211.175433 448.982020 -1.488203
0 2422.608504 2396.587468 199.225696 447.715932 -1.475729
0 2420.500000 2603.500000 205.000000 455.000000 -1.533052
0 2409.732924 2830.385609 201.337180 429.432760 -1.559383
0 2451.719748 3026.763047 203.163552 407.353774 -1.539878
0 2461.026779 3255.517193 222.470434 453.920317 -1.511532
0 2457.408226 3486.526619 224.245945 411.459517 -1.563053
0 3215.500000 2515.000000 205.000000 468.000000 -5.471576
0 3744.500000 3096.000000 209.000000 486.000000 -6.242032
