0 2570.500000 266.500000 197.000000 441.000000 4.727487
0 2589.518936 499.305632 211.573807 433.851912 4.716577
0 2617.601243 926.508507 227.220105 455.757285 4.725954
0 2635.488125 1359.199587 219.779476 484.561326 4.736924
0 2610.703407 2029.716022 172.555079 369.858500 4.696261
0 2589.759324 2260.064598 183.875936 421.357524 4.717128
0 2636.789939 2487.250728 197.702328 414.801947 4.710462
0 2641.336593 2710.115213 178.935937 443.663943 4.714269
0 4111.246529 3077.431298 201.581627 415.317150 4.740407
0 3624.121056 1863.337436 197.284153 445.651499 -1.557464
0 3623.254978 991.236410 175.137467 439.188698 -1.526521
0 3704.614550 343.522073 194.700932 438.263445 1.557725
0 4131.260497 123.612505 203.428803 416.292873 4.696467
0 4119.417418 578.299295 195.891155 439.478447 4.693152
0 4136.513543 814.608044 197.693799 463.857758 4.736423
0 4095.317562 1846.962933 201.588768 429.209360 4.743992
