0 1885.192100 148.736347 187.660152 445.675208 1.650450
0 1863.064202 363.938552 176.367899 390.579889 4.706649
0 1861.306145 587.781233 185.144554 417.114345 1.666503
0 1814.440043 808.499424 192.141412 457.112716 4.864061
0 1820.776530 1033.188100 183.838825 351.930728 4.837796
0 1816.261810 1239.267666 175.190719 385.365480 1.683624
0 1761.785037 1437.707612 195.059020 498.669433 4.830761
0 1749.273559 1663.111343 198.893162 432.424155 4.833741
0 1720.815316 1853.414606 159.600636 387.464124 -1.436711
0 1727.051726 2076.485905 188.780707 386.749176 4.813975
0 1714.918678 2273.354919 175.505749 380.866105 1.678111
0 1659.177512 2466.308790 177.193208 425.236966 4.784529
0 1672.489672 2669.178907 173.323658 410.202279 1.707588
0 2713.222959 2914.394103 181.690540 383.413960 1.671213
0 2691.023877 2703.124202 173.714880 393.009963 4.854626
0 2714.941738 2493.910910 166.834097 360.403527 1.671373
0 2724.313308 2303.116458 172.255978 397.297375 1.605834
0 2762.212066 2082.784210 175.013360 392.534090 1.610436
0 2785.414182 1870.034970 181.672446 407.477848 4.821853
0 2796.597902 1662.643555 181.015527 400.152375 4.814492
0 2787.895594 1459.269247 161.795148 380.300939 1.682135
0 2821.286182 1229.796453 176.730746 391.855092 1.614122
0 2853.304855 819.452778 204.910900 457.565517 1.631221
0 2891.822046 607.388980 172.352850 421.074319 1.650231
0 2945.770123 382.175029 187.705394 446.298744 1.602254
0 2973.899402 145.353849 220.766184 398.782824 1.575951
0 3389.357143 1281.000000 186.000000 399.000000 1.594642
0 3376.599958 1505.156843 180.244682 412.669757 4.777074
0 3342.964403 1727.693690 188.041886 409.788054 4.782397
0 3296.089207 1948.223814 186.806332 432.167368 4.784726
0 3299.407577 2155.235727 194.076350 387.274792 1.621696
0 3275.037054 2375.992638 200.634792 433.165222 4.849642
0 3255.038720 2580.469627 190.282146 396.434363 1.687265
0 3195.847580 2805.135685 198.135234 374.522748 1.657236
0 3181.900319 3005.920793 190.045132 389.700633 1.665808
0 4249.933583 3189.370853 189.315790 437.232700 1.654619
0 4257.247964 2907.371374 169.718685 451.723387 1.596466
0 4390.621306 2672.911002 175.072258 416.920834 1.636772
0 4398.046282 2458.319980 172.803326 417.618020 1.645178
0 4382.385226 2242.525254 186.019000 436.593194 1.618360
0 4422.296650 2017.209420 191.739214 396.685420 1.637050
0 4471.992783 1795.787845 179.714110 438.056319 1.604618
0 4459.509310 1548.521096 168.617183 428.429505 1.580948
