0 179.051333 2137.613689 188.123924 387.082219 -0.189003
0 382.391656 2096.937650 193.031384 376.196308 -0.216131
0 580.843880 2048.589016 193.009126 413.337579 -0.236024
0 790.200870 2021.909684 194.481760 386.253766 -0.267197
0 1422.500000 1890.961538 195.000000 418.000000 -0.245782
0 1634.000000 1837.461538 196.000000 423.000000 -0.230505
0 1836.523402 1818.301440 184.551623 391.011890 -0.207210
0 2063.554182 1778.716900 173.211708 366.466216 -0.143841
0 2279.000000 1750.461538 174.000000 317.000000 -0.161837
0 2486.506126 1710.225654 186.572639 400.566232 6.098419
0 2714.369955 1656.987055 187.036257 404.981813 -0.160248
0 2950.617688 1624.699540 174.330000 408.794554 -0.191733
0 3155.500000 1592.961538 169.000000 408.000000 -0.181016
0 3360.000000 1561.961538 156.000000 388.000000 -0.157769
0 3584.588525 1516.805686 190.968596 411.150270 6.093197
0 3803.762399 1509.008414 179.510469 415.758442 -0.167861
0 4472.199099 1123.802610 192.301680 404.995105 -0.587444
0 4651.111954 990.046410 196.354895 408.990179 5.653343
0 3809.134970 219.480769 219.443423 380.066852 5.666289
0 4060.342638 158.980769 220.148870 231.946737 5.678743
