0 340.642272 3221.001399 192.607329 477.333003 -1.552834
0 329.271208 2800.931090 176.463947 434.520153 -1.576144
0 303.750000 2161.250000 195.500000 492.500000 -1.570796
0 1344.000000 1725.000000 194.000000 450.000000 0.000000
0 1578.000000 1730.000000 200.000000 466.000000 0.000000
0 4467.386042 1609.300406 200.265131 432.595967 0.359594
0 4261.624317 1534.211519 185.790732 411.831499 0.345698
0 4067.514600 1427.065220 196.488030 407.303222 0.418853
0 3851.980266 1357.505022 178.096732 357.653888 0.442293
0 3648.500000 1256.500000 197.000000 331.000000 0.387384
0 3457.530666 1178.265648 190.756299 401.963805 -5.893830
0 3234.500000 1101.500000 187.000000 397.000000 0.388848
0 3012.122324 995.970508 190.768232 404.971067 0.355793
0 2836.500000 924.500000 169.000000 419.000000 0.357134
0 2646.731379 841.813131 177.595578 392.951243 0.413072
0 2432.529817 770.931757 174.140985 424.870453 -5.968599
0 2253.458899 653.611336 162.643087 398.926260 0.375331
0 1515.500000 623.500000 187.000000 409.000000 0.000000
0 1301.500000 637.500000 197.000000 413.000000 0.000000
0 1093.681232 601.646947 192.978998 409.109008 0.029959
0 862.500000 629.000000 187.000000 434.000000 0.000000
0 642.500000 609.500000 209.000000 431.000000 0.000000
0 405.000000 644.000000 228.000000 406.000000 0.000000
0 209.500000 647.500000 219.000000 413.000000 0.000000
0 44.500000 653.500000 87.000000 419.000000 0.000000
