0 1638.155517 589.751696 185.613828 414.395712 4.748605
0 1611.589839 799.603422 184.221494 391.683313 4.739556
0 1628.302698 1436.943097 182.524580 410.001256 4.806163
0 1606.808054 2048.556220 194.733854 491.464740 1.616299
0 1593.004173 2467.321892 178.579615 426.118738 4.775418
0 1623.435100 3077.145735 191.269044 381.538593 4.755966
0 1603.047043 3447.941680 191.958359 388.326799 4.763463
0 1596.925926 3604.944444 345.223050 78.941273 6.268184
0 2615.068940 3438.229805 180.930429 419.540390 1.607447
0 2623.347048 2831.914520 191.349177 389.687204 4.740879
0 2583.296305 2624.692195 178.207124 400.101735 1.648209
0 2643.124862 1396.296592 173.263884 382.308495 1.586924
0 2657.583746 967.138902 187.688205 419.462833 1.575651
0 2658.717933 524.572850 181.896375 398.716822 1.573200
0 2721.945946 312.982164 186.830045 393.768830 1.548578
0 3216.148350 109.195805 418.997393 213.611564 6.276539
0 3164.626799 502.480190 229.050366 513.038147 1.590354
0 3145.845000 750.923060 195.429220 418.209835 4.743040
0 3107.299027 959.662905 182.900430 424.487310 1.556174
0 3147.289256 1172.461986 184.368027 439.433493 1.572408
0 3027.357143 1608.000000 183.029729 409.259230 4.724567
0 3154.006177 2442.152149 190.822312 382.766605 1.558023
0 3056.722123 3042.502163 185.704563 342.463955 4.805653
0 3059.150480 3269.395823 167.812624 426.597240 1.579259
0 3091.738014 3455.935943 194.874417 384.128114 1.562818
0 4122.455100 3497.694073 434.339856 228.977565 6.277114
0 4151.930069 2857.226394 201.802640 421.134350 1.564494
0 4166.461394 2616.531150 184.429660 452.047369 1.660778
0 4147.591100 2388.974349 209.377876 563.494010 1.605127
0 4264.686850 1281.472580 170.752200 454.494833 1.615864
0 4273.405534 623.474226 215.248193 560.765199 4.729931
0 4280.357143 396.000000 184.000000 425.000000 1.570796
0 4311.594527 195.298972 168.558252 390.597945 4.735373
