0 1281.807692 73.000000 173.000000 108.000000 0.000000
0 1739.307692 96.500000 204.000000 191.000000 0.000000
0 1956.307692 98.500000 170.000000 195.000000 0.000000
0 2153.726125 120.990494 168.539226 141.504357 0.102580
0 2375.302185 103.469491 166.074603 177.761196 0.097348
0 2714.849052 110.000000 169.480854 189.848031 0.186643
0 2943.307692 128.000000 204.000000 250.000000 0.000000
0 3141.307692 133.000000 170.000000 212.000000 0.000000
0 3371.550175 132.920278 152.241344 234.853880 0.110097
0 3585.721436 143.891845 172.087595 248.502097 0.171431
0 3811.374540 151.772573 153.974896 249.281602 0.124355
0 4034.553540 136.407528 154.111006 202.329105 0.126973
0 4268.777295 155.776391 183.798193 273.314411 0.151489
0 4583.415194 193.000000 170.387511 365.799531 -6.159708
0 4748.500000 196.000000 169.000000 308.000000 0.000000
0 4794.807692 1290.500000 85.000000 319.000000 0.000000
0 4674.307692 1270.500000 174.000000 365.000000 0.000000
0 4261.481974 1227.768814 229.300366 479.180477 0.093318
0 4038.430477 1215.992774 179.440948 414.609878 -6.206502
0 3806.550177 1197.473179 181.035123 442.599412 -6.243426
0 3411.807692 1194.500000 177.000000 365.000000 0.000000
0 3156.125071 1168.142226 187.009277 477.911575 -6.210145
0 2929.477935 1159.818464 165.655894 399.951965 -6.138693
0 2722.307692 1165.500000 146.000000 415.000000 -6.187356
0 2516.323918 1154.337996 165.372760 426.350294 -6.194647
0 2297.109506 1093.581378 180.731748 431.346647 0.069375
0 2073.807692 1131.000000 181.000000 400.000000 0.121751
0 1855.307692 1096.000000 166.000000 400.000000 -6.198838
0 1649.998408 1069.418065 163.046476 416.575067 -6.196204
0 1428.307692 1040.500000 166.000000 419.000000 -6.192649
0 1201.807692 1010.000000 165.000000 412.000000 0.104954
0 1416.307692 1698.500000 196.000000 443.000000 -6.209807
0 1864.235833 1730.874530 211.002344 423.411245 0.076231
0 2312.307692 1782.500000 188.000000 389.000000 0.000000
0 2524.015436 1803.632604 187.988671 429.998695 0.049267
0 2758.807692 1816.000000 189.000000 416.000000 0.000000
0 2974.307692 1795.000000 180.000000 388.000000 0.062980
0 3185.445327 1833.058893 174.306231 427.490589 0.038495
0 3389.807692 1829.000000 165.000000 396.000000 0.038333
0 3604.760616 1879.940549 181.020731 424.439574 0.007136
0 3819.998902 1878.940010 188.472688 393.269244 0.113748
0 4042.807692 1890.000000 189.000000 396.000000 0.121388
0 4287.807692 1883.500000 185.000000 385.000000 0.034887
0 4486.558562 1929.471343 183.886845 416.828529 0.099669
0 4755.000000 1944.000000 204.000000 404.000000 0.000000
0 4807.307692 3005.500000 100.000000 373.000000 0.000000
0 4643.068826 3003.458414 200.905767 343.647214 -6.139213
0 4418.807692 2981.000000 223.000000 446.000000 0.000000
0 4211.307692 2960.000000 200.000000 450.000000 -6.180605
0 3991.807692 2958.500000 177.000000 373.000000 -6.158228
0 3771.114361 2936.152887 188.230534 414.638341 -6.152028
0 3538.307692 2926.500000 154.000000 377.000000 -6.173115
0 3329.370614 2880.528560 207.933030 411.497703 -6.178682
0 3112.307692 2860.000000 150.000000 404.000000 -6.190429
0 2917.978519 2837.866712 175.546749 411.530964 -6.157694
0 2700.372892 2856.583347 198.668511 447.968048 -6.146700
0 2261.807692 2842.000000 157.000000 384.000000 -6.210181
0 2044.046200 2787.109768 188.041568 393.766517 -6.225259
0 1834.395735 2770.956224 175.434251 404.737600 -6.236388
0 1595.307692 2761.500000 192.000000 461.000000 -6.162562
0 1185.540174 2759.644521 228.938142 454.935717 -6.198284
0 781.634232 2711.714154 227.519280 422.249311 0.037922
0 549.307692 2679.000000 208.000000 396.000000 0.000000
