1 780.804384 72.437825 232.874502 137.307410 6.279273
1 1215.500000 189.894314 181.612069 332.630965 3.562016
1 1448.147818 226.428785 194.680653 406.751937 0.427175
1 2191.540657 655.076527 177.365150 398.599470 0.467003
1 2386.939427 750.608333 170.244777 376.039059 0.444212
1 2713.969695 847.938050 196.595964 430.516114 0.483021
1 2932.913014 1013.922990 202.606565 571.942513 0.447572
1 3429.547010 1229.231586 166.395066 393.378943 5.208026
1 3548.740879 1057.610215 181.368017 412.411886 5.241364
1 3611.031892 864.762005 176.178682 417.441152 5.183321
1 3739.731648 682.063929 182.527850 365.625174 5.199385
1 3895.843616 323.095722 204.287364 409.479360 5.220615
1 4058.520977 174.373107 192.097690 348.746213 5.237589
1 4664.500000 940.229668 172.939270 362.080574 5.264184
1 4546.999345 1091.391308 166.603782 364.657380 5.212829
1 4461.531039 1261.946682 170.773859 355.848210 5.251091
1 4316.005637 1668.013398 204.130128 402.489198 5.268742
1 4209.520460 1829.935020 153.428067 363.642504 5.258832
1 4124.976839 2005.899246 171.568343 373.724790 5.247344
1 4004.288565 2171.202777 163.452990 332.585510 5.226870
1 3915.147530 2343.466332 178.132344 328.354444 5.170542
1 3526.445595 2477.268305 187.627809 418.425639 0.493322
1 3340.253079 2393.311909 149.088905 379.117332 0.432379
1 3175.403280 2317.525030 165.393590 389.216713 0.443728
1 2991.329963 2226.832130 183.367718 380.223564 0.415858
1 2784.322560 2130.156840 162.366168 408.580230 0.393370
1 2607.000000 2018.961538 156.000000 402.000000 0.448024
1 2431.140377 1936.496129 147.024587 386.509788 0.475639
1 2236.270225 1827.292817 185.644948 418.805307 0.475213
1 2043.912979 1749.591758 164.453605 425.308447 0.443210
1 1464.968367 1431.496059 221.440190 433.980064 0.442948
1 160.399483 1482.677656 188.970940 334.093397 3.606955
1 1408.500000 2092.000000 185.000000 440.000000 0.466470
1 1598.379359 2221.382485 159.035172 426.348980 0.486519
1 1809.418237 2318.071839 174.884779 430.730646 0.452065
1 2338.500000 2652.000000 165.000000 446.000000 0.418751
1 2608.575206 2768.285136 194.622428 484.737992 0.487578
1 2910.345765 2861.832840 168.145757 379.485974 0.476614
1 3178.522344 3551.246725 365.027817 188.207514 0.009543
1 1647.328252 3456.798902 184.813412 382.402196 5.119379
1 631.114857 3015.058417 200.124608 343.522320 5.138058
1 504.345960 3257.200006 208.672176 451.416668 5.140566
1 404.390458 3430.073020 180.440327 403.699233 5.107262
1 217.528574 3556.819728 113.853928 182.360544 5.161533
