0 1905.677906 145.497825 168.580550 353.951912 4.776124
0 1910.682346 348.822836 170.786104 410.950672 1.638339
0 1922.616402 563.716442 190.441378 397.669055 4.792374
0 1898.347150 774.509387 181.543615 418.429940 1.692453
0 1886.181724 994.000225 172.990256 519.426229 1.623277
0 1875.072162 1193.891616 169.193817 416.221179 4.762302
0 1875.000000 1615.000000 186.000000 450.000000 1.675040
0 1845.500752 1832.730124 165.046925 379.790850 4.732280
0 1870.500000 2050.500000 187.000000 395.000000 1.519209
0 1842.146083 2253.574715 168.801952 417.319445 4.765826
0 1868.880206 2458.148505 156.994594 410.866070 1.587176
0 1837.852240 2880.675587 152.761248 432.183383 1.571574
0 1830.043572 3079.309490 176.553548 453.449605 1.590339
0 1804.967116 3278.542913 153.819428 406.108606 1.608240
0 770.293739 3583.444444 435.976332 126.686197 6.277619
0 734.986505 3405.928659 160.080587 436.478860 4.651609
0 752.841175 3171.234076 162.140696 432.290848 4.649084
0 737.896106 2754.152429 162.858940 452.779130 4.718524
0 741.250000 2532.750000 204.500000 553.500000 1.570796
0 755.907913 2301.526126 174.569448 410.798523 4.649091
0 760.365056 2068.044600 191.247446 444.503348 4.705987
0 779.583756 1858.594012 167.486983 433.080634 4.699191
0 804.089687 1642.418776 204.785448 468.086170 4.732857
0 812.817040 1230.872475 164.787215 407.014746 4.691513
0 822.219672 1000.916957 167.953105 401.670955 4.730970
0 812.870539 802.233192 168.502216 436.605397 1.647687
0 795.815225 583.818620 189.355060 451.014756 1.635845
0 807.763490 362.864056 182.438723 422.882996 4.756234
0 829.925926 131.388889 407.431087 218.725649 6.267721
0 222.437056 88.638704 441.937922 172.869826 6.277732
0 218.069376 289.414549 195.080629 421.601350 4.781937
0 228.614718 498.886145 174.277510 449.286350 1.606553
0 212.134497 723.050636 195.130485 416.942204 1.596784
0 200.011172 947.702479 175.111090 390.302300 1.616067
0 198.000000 1161.359479 198.360902 387.611576 4.679094
0 1354.500000 1517.000000 191.000000 428.000000 3.141593
