0 478.844327 295.379406 209.381168 403.779082 -6.235813
0 786.338100 275.026522 233.543476 503.608447 -6.196447
0 1089.181748 312.729703 220.942478 442.095879 -6.191094
0 1713.462627 424.963244 160.188095 450.294605 -6.223441
0 1935.030380 439.537469 190.942205 426.773616 0.108392
0 2150.746494 468.913450 178.861914 435.136756 -6.224156
0 3518.995115 557.717568 189.481612 434.213446 0.089959
0 3748.501673 564.742988 184.416115 438.772073 -6.164771
0 3979.571850 624.617518 186.913534 427.403527 -6.143577
0 4192.390592 653.133828 197.633930 375.916102 -6.157452
0 4420.111375 693.766960 213.077503 408.130623 0.094791
0 4634.923133 665.708608 182.196954 427.412830 0.073790
0 4797.428570 710.170873 93.142636 346.957203 -6.165779
0 4785.591318 1377.858284 121.591147 382.475085 0.093630
0 4627.689846 1348.361439 167.264482 349.653869 0.119224
0 4185.199937 1300.226830 213.613583 411.481465 0.147807
0 3733.857143 1252.500000 176.000000 469.000000 -6.150634
0 2344.857143 1122.500000 190.000000 397.000000 0.000000
0 1695.857143 1048.500000 178.000000 445.000000 0.059239
0 1494.232628 1029.353444 167.275716 429.942848 0.101724
0 1273.357143 1009.000000 169.000000 414.000000 0.095197
0 1074.166220 989.496633 190.614809 369.463695 0.127915
0 868.857143 972.500000 172.000000 407.000000 0.000000
0 647.357143 939.000000 195.000000 422.000000 0.050131
0 436.357143 916.500000 169.000000 433.000000 -6.190247
0 252.570473 895.383760 174.677573 425.402162 0.119825
0 71.928570 913.000000 141.857143 440.000000 0.000000
0 452.219697 3517.270067 192.025896 382.660616 -1.474990
0 447.562206 3283.559786 203.398427 434.954703 4.869408
0 496.112008 3076.630637 178.063437 384.222454 -1.412479
0 497.077356 2873.302656 175.259296 411.152210 -1.478467
0 516.958558 2680.333198 175.989427 420.402734 -1.455977
0 570.891344 2460.494990 168.509846 430.141388 -1.464952
0 564.064958 2259.542685 191.274040 421.773694 4.846671
0 613.721936 2056.170310 160.481980 403.137193 -1.476675
0 1141.866633 2048.267774 268.975438 577.631062 0.089982
0 1407.857143 2133.500000 194.202986 429.644272 0.100761
0 1745.848243 2105.550707 169.569614 374.838350 -6.159468
0 1969.357143 2122.000000 171.000000 390.000000 -6.144428
0 2787.002917 2226.508110 170.321653 391.502790 -6.185458
0 3016.857143 2223.000000 164.000000 398.000000 0.042080
0 3436.021269 2296.643854 190.268106 465.766167 -6.169964
0 3869.660229 2326.708290 234.165804 476.607678 -6.110928
0 4095.791924 2351.632840 192.361938 396.828305 -6.136107
0 4309.278410 2370.342124 194.533003 397.582463 -6.194037
0 4527.534708 2433.009910 218.257684 401.328913 -6.125298
