0 551.929384 92.301186 425.267700 180.890310 6.279156
0 549.546328 330.440310 246.888229 536.621825 4.719873
0 487.750914 742.099487 218.259623 497.390362 1.614358
0 488.186893 972.402527 197.521906 449.707494 1.614880
0 514.851740 1405.293475 205.164993 475.874093 1.592921
0 508.535470 1878.906732 234.560134 603.147452 4.721735
0 379.500000 3049.000000 223.000000 446.000000 4.695677
0 393.402770 3298.832435 196.106386 410.486792 4.698376
0 344.619567 3489.558553 198.949010 316.882894 4.740107
0 918.862068 3482.108626 180.103856 331.782748 4.693111
0 939.551498 3311.418222 171.199070 440.291393 1.516748
0 921.735790 3078.854738 204.446297 430.363850 4.670604
0 973.909448 1642.140732 178.539575 407.901156 4.761544
0 1043.958066 945.437844 197.688634 451.888870 4.744943
0 1018.425926 553.388889 191.347912 414.608220 4.770371
0 1070.549580 337.974202 190.858213 419.193077 4.782683
0 2184.530123 172.855298 173.478052 345.710595 1.661064
0 2164.522716 352.756230 179.632112 456.339848 1.639391
0 2076.372518 1394.501860 171.286172 462.109844 4.757693
0 2041.827228 1756.203634 192.263650 453.981835 4.759866
0 2038.783322 3215.056760 171.887860 387.489405 4.767927
0 2043.000000 3422.000000 182.000000 422.000000 1.533078
0 2025.198019 3595.944444 418.003888 98.086352 6.281715
0 1421.000000 3126.000000 196.000000 382.000000 3.192504
