0 856.937340 699.602739 182.155517 440.789545 1.646085
0 826.804664 933.993949 185.334747 455.471510 1.598793
0 807.382640 1824.312752 190.562367 412.429345 1.636863
0 1269.173050 3282.298760 193.679504 416.184866 4.765259
0 1302.949367 1618.677617 165.401523 390.495185 4.702049
0 2375.572909 986.381654 166.332936 392.103133 4.766798
0 2387.410717 1199.617573 167.943019 411.856290 1.651919
0 2371.212703 1401.372910 179.086465 395.357630 1.707391
0 2343.385306 1984.224360 170.994864 409.911400 4.839427
0 2961.961883 2925.349513 178.193540 389.381184 2.006282
0 3078.180295 2736.859065 143.375070 371.902030 1.975688
0 3709.086260 410.640793 173.578485 389.911087 0.438653
0 3342.333437 275.575660 158.643686 420.305268 3.544708
