0 1609.547083 608.821597 180.449855 398.955918 5.677094
0 1409.857143 732.000000 160.000000 392.000000 5.729019
0 59.049424 2350.500000 98.901235 83.273741 -0.244164
0 198.020085 2207.447633 191.127879 381.553508 6.087485
0 392.644694 2146.207250 191.957109 365.225933 -0.202894
0 637.284943 2117.322779 187.666575 387.690770 -0.165989
0 820.414261 2075.199043 175.602325 380.081992 -0.191947
0 1022.008837 2047.927140 171.462313 388.746407 -0.161375
0 1225.631839 1995.860320 184.399862 395.024463 6.102595
0 1445.877989 1990.704952 181.455589 402.254506 -0.206167
0 2057.857143 1629.000000 174.000000 376.000000 -0.503494
0 2233.239169 1485.955321 166.565376 394.510923 5.712716
0 2433.424117 1402.950630 163.333949 392.271919 -0.509802
0 2603.384579 1261.364112 181.108294 420.631912 -0.557936
0 2808.598679 1153.632979 179.689929 407.333628 -0.551655
0 2997.271491 991.746522 169.846590 406.024399 -0.607283
0 3173.216206 879.681827 193.568813 418.902807 -0.579182
0 3358.440743 751.778052 203.231113 438.431750 -0.582222
0 3553.353177 664.991345 186.083980 401.262581 -0.594963
0 3744.233619 139.081993 218.459180 170.830395 0.998555
