0 499.796546 86.404964 149.124456 424.851882 4.717255
0 595.046028 1469.087323 188.637552 456.561499 4.686983
0 609.960885 1690.118844 176.636126 457.206945 1.491283
0 547.206439 1920.799648 170.508221 448.505852 4.707694
0 577.424829 2146.695756 182.346030 453.854644 4.742480
0 542.407762 2375.801329 180.545580 413.110515 4.702369
0 626.839891 2593.356350 174.375583 441.082224 4.682884
0 620.517031 2820.382355 164.194855 462.340566 4.710314
0 609.636073 3044.735617 194.842852 467.978768 4.702810
0 1718.188385 3452.683295 175.816413 437.538380 -1.605265
0 1706.156806 3231.194462 219.880238 517.804497 -1.598988
0 1729.001257 2360.894290 189.722905 433.237876 1.499124
0 1682.132639 2124.034825 206.585157 457.905163 -4.795349
0 1634.418242 726.217575 205.657323 412.847501 -1.561309
