0 739.110927 1356.475527 186.397905 475.342617 4.722193
0 753.040480 1622.673788 154.793264 452.970526 1.579329
0 731.857143 2011.000000 168.000000 392.000000 1.570796
0 693.925853 2450.347992 183.475189 435.373810 4.653701
0 737.580134 2675.187410 172.455220 423.553940 4.682278
0 735.875560 2895.116827 161.584143 363.159792 1.606853
0 624.593930 3536.357652 393.645472 176.894380 0.005515
0 1228.853208 3307.395295 149.862859 403.093180 4.791396
0 1189.004340 3108.793729 171.465320 409.768766 1.526139
0 1191.909969 2462.678109 164.308606 412.171676 4.689047
0 1185.302257 1798.173568 169.699567 429.180063 1.594097
0 1223.857143 1584.000000 176.000000 420.000000 4.712389
0 1228.778200 1160.031490 180.764630 444.446467 1.614333
0 1288.509390 739.305149 178.320880 405.659152 4.749853
0 1251.150134 289.645293 185.492825 414.563460 1.607816
0 2622.826764 308.709109 161.914674 434.306904 5.089840
0 2314.250290 1361.649059 158.404782 369.603600 1.620859
0 2284.426149 1561.540836 164.036717 379.591337 4.773514
0 2258.912514 1761.941448 170.429544 441.993407 1.615744
0 2289.369600 2176.870320 163.746017 367.789105 1.582074
0 2267.160639 2396.496530 152.540290 392.036460 1.561799
0 2246.608144 2790.729075 168.073310 376.394932 1.593412
0 2246.280145 3423.461317 175.522483 403.833375 1.574650
