0 1098.406053 49.310807 67.090359 399.301273 4.736664
0 1047.638172 206.820910 216.673134 461.401396 4.742263
0 1111.943721 458.598283 217.084225 454.118139 4.663869
0 1130.020871 696.390889 213.235209 424.992243 1.556688
0 2264.626186 546.592182 229.726236 441.236425 1.546224
0 2232.992331 117.500000 203.672543 466.090619 1.634653
0 2786.526386 53.296033 79.608009 422.491751 4.730884
0 3841.140948 250.315629 250.860767 569.627146 1.573414
0 3836.342424 479.974442 175.868171 459.241224 -1.562498
0 2299.367753 2369.439131 224.074379 472.284703 1.572812
0 2308.814113 3042.726375 196.067791 444.366392 1.501077
0 2273.783210 3440.242191 236.454822 446.483974 1.550391
0 1193.863722 3532.220349 191.123311 418.929924 -4.809191
0 1164.583542 3297.985512 202.992444 464.497219 -4.778152
0 1214.365141 3038.031314 199.042999 468.520510 -4.794516
0 1165.247188 2835.695124 183.380208 419.853317 -4.775243
0 1160.635773 2611.560834 196.119464 441.952582 -4.810482
0 1125.573461 2367.543975 192.948325 434.927069 -4.721521
0 398.088700 2458.004134 210.305998 456.281316 0.781681
0 408.367937 2784.800736 207.926310 511.464754 0.837981
0 419.896820 3099.385760 216.804885 523.382247 0.808241
