0 468.006919 126.665117 183.829300 176.261792 0.968757
0 679.120268 252.728083 199.411187 393.060819 1.029367
0 891.457734 613.524666 174.414663 394.659020 1.037499
0 1348.618910 559.704085 172.888015 411.975919 4.124972
0 1138.270738 188.999844 179.001682 377.999688 4.131319
0 1494.857143 1850.000000 214.000000 400.000000 2.945928
0 1896.855227 1784.053252 191.041076 416.694290 2.906456
0 2545.413519 1679.251068 178.562529 411.999505 2.948630
0 2732.857143 1636.500000 190.000000 383.000000 2.944652
0 2960.357143 1588.000000 203.000000 450.000000 2.931187
0 3180.771053 1578.991920 194.177783 415.168732 2.931458
0 3864.857143 1448.000000 198.000000 434.000000 2.961938
0 4079.387973 1388.951055 186.052645 444.935202 2.936325
0 4308.176377 1372.936280 216.798586 408.031510 2.962591
0 4548.857143 1331.000000 202.000000 386.000000 2.999392
0 4755.855470 1306.840512 164.642923 312.881992 3.015896
