0 1918.999824 78.972588 418.567454 154.829664 0.002666
0 1907.393933 273.484382 201.533289 512.573240 1.614764
0 1875.816495 491.868099 185.935565 405.103234 4.783457
0 1891.315819 908.380804 191.991433 418.895452 1.670596
0 1866.118637 1129.229326 170.467927 448.998300 4.773431
0 1872.578980 1340.457144 150.645853 400.027199 1.566344
0 1845.548140 1548.908537 182.643910 421.251859 4.803423
0 1865.926370 1757.411022 157.589218 417.531909 1.647187
0 1832.381953 2171.265125 170.081888 431.365638 1.629244
0 1788.433915 2372.115650 167.081986 425.816868 1.586549
0 1796.093199 2564.857146 159.761218 400.177440 1.597239
0 1814.525100 3013.693708 184.899139 422.892603 1.559630
0 1810.920720 3218.451349 160.942214 387.546146 1.555191
0 1801.962890 3433.939222 140.995135 399.541057 1.568055
0 1803.708244 3520.902790 99.144254 254.194418 1.580171
0 840.424870 85.592686 371.047393 169.078045 0.000289
0 820.358586 269.224237 182.034943 426.267966 4.797351
0 804.535117 496.033849 186.137155 417.693493 4.794908
0 809.733133 903.175495 201.110980 496.934699 4.763789
0 775.946100 1127.939949 175.434918 446.610184 4.768304
0 745.194490 1344.958120 179.186026 491.424612 4.722374
0 734.633449 1563.792926 176.272172 443.156867 4.695349
0 734.186792 1788.856527 194.145077 549.725747 1.625254
0 741.158657 2011.248524 196.968580 454.429466 4.755327
0 738.650960 2436.382289 173.250025 433.479437 4.685680
0 731.171376 2673.200714 161.303197 442.970739 4.668246
0 753.952457 2884.527419 175.250970 479.799243 1.532896
0 709.500000 3100.500000 187.648578 431.719830 4.683271
0 205.526324 33.944444 408.928590 65.105079 0.001917
0 197.962963 189.673194 183.679837 379.346387 1.567650
0 202.309088 394.279633 216.648157 398.018886 4.734051
0 138.962963 3216.819106 271.282054 582.325580 3.133603
