0 825.875050 181.838699 441.186769 229.865124 6.279189
0 808.626914 1087.748672 189.151908 420.630019 1.691699
0 1311.962856 3575.196039 397.321714 139.700390 0.009852
0 1287.244797 3179.570134 162.593022 393.835623 1.533564
0 1280.935138 2558.095280 161.918650 418.707044 4.761624
0 1307.122274 877.932308 178.641642 392.314640 4.709269
0 2379.212572 250.995553 178.668807 388.721510 4.764972
0 2386.428354 463.187402 162.134493 399.501716 1.630351
0 2374.646876 661.018624 193.137704 395.544376 1.710302
0 2348.911480 1250.967343 184.225563 390.193738 4.823229
0 2601.802780 3130.816029 162.343048 383.735157 5.138257
0 2965.742419 2199.586488 177.416054 386.950304 1.973342
0 3076.725045 2022.627773 155.163647 365.316918 2.014645
