0 4704.416667 1569.536759 168.856861 362.935215 -5.795789
0 4502.856423 1396.662588 192.670974 420.631423 0.429430
0 3798.833333 1353.333333 192.000000 458.000000 0.000000
0 3571.416667 1370.166667 172.833333 403.666667 0.000000
0 3344.572708 1335.340412 173.788709 402.504852 0.089698
0 3117.500000 1340.500000 209.000000 469.000000 0.000000
0 2896.407995 1322.839416 192.463778 420.684598 0.078389
0 2650.000000 1358.000000 194.000000 440.000000 0.000000
0 2443.000000 1357.000000 188.000000 400.000000 0.000000
0 2212.500000 1365.500000 219.000000 463.000000 0.000000
0 2003.000000 1328.500000 194.000000 419.000000 0.000000
0 1459.000000 1663.500000 194.000000 415.000000 4.707487
0 3820.500000 2483.500000 205.000000 441.000000 0.000000
0 3568.500000 2465.000000 209.000000 414.000000 0.000000
0 2504.000000 2866.500000 246.000000 455.000000 -1.550883
0 1522.500000 3358.500000 273.000000 509.000000 -4.700866
0 2510.482014 3517.000000 219.558139 412.153166 -1.530459
