0 339.500000 1342.500000 215.000000 397.000000 0.000000
0 576.000000 1366.000000 228.000000 400.000000 0.000000
0 829.000000 1359.000000 200.000000 400.000000 0.036238
0 1039.000000 1365.500000 184.000000 369.000000 0.000000
0 1268.543338 1392.942627 203.151091 445.729631 6.229184
0 1474.000000 1384.500000 206.000000 469.000000 0.065527
0 1694.500000 1385.000000 187.000000 406.000000 0.000000
0 1926.055440 1399.279141 178.148782 446.745829 0.027297
0 2159.500000 1413.500000 187.000000 403.000000 0.050364
0 2372.000000 1460.500000 200.000000 453.000000 0.038729
0 2584.500000 1469.000000 181.000000 406.000000 0.000000
0 2790.868807 1497.369049 188.562261 432.729095 0.060028
0 3018.101449 1463.204295 214.205334 453.660653 0.070328
0 3414.500000 1461.000000 209.000000 416.000000 0.000000
0 3634.500000 1502.500000 181.000000 391.000000 0.000000
0 3842.000000 1514.500000 172.000000 403.000000 0.000000
0 4063.864397 1518.781469 222.933869 465.361604 0.062864
0 4450.500000 1528.000000 243.000000 450.000000 0.000000
0 4783.500000 1544.000000 125.000000 432.000000 0.000000
0 4242.500000 2542.000000 209.000000 428.000000 0.000000
0 3836.000000 2547.000000 190.000000 418.000000 0.000000
0 3414.000000 2514.000000 172.000000 366.000000 0.000000
0 3209.000000 2518.500000 188.000000 393.000000 0.000000
0 2971.500000 2519.000000 181.000000 400.000000 -0.045826
0 2775.500000 2534.500000 175.000000 387.000000 0.000000
0 2557.500000 2508.500000 175.000000 397.000000 0.000000
0 2365.500000 2537.000000 163.000000 356.000000 0.000000
0 2136.000000 2495.500000 184.000000 403.000000 0.000000
0 1940.500000 2495.500000 163.000000 397.000000 0.000000
0 1704.500000 2492.500000 159.000000 397.000000 -6.209304
0 1447.500000 2516.500000 175.000000 397.000000 0.000000
0 1231.000000 2467.000000 194.000000 434.000000 0.000000
0 988.500000 2475.000000 185.000000 406.000000 0.000000
0 156.500000 3123.500000 219.000000 385.000000 0.000000
0 388.500000 3143.000000 203.000000 488.000000 0.000000
0 856.000000 3139.500000 200.000000 403.000000 0.000000
0 1078.000000 3102.500000 194.000000 413.000000 0.000000
0 1511.000000 3151.500000 210.000000 453.000000 0.000000
0 1739.500000 3141.500000 197.000000 403.000000 0.000000
0 1966.000000 3153.000000 194.000000 382.000000 0.000000
0 2348.000000 3141.500000 196.000000 365.000000 0.000000
0 2602.298534 3148.874696 207.461155 414.349531 0.048742
0 2822.500000 3126.500000 175.000000 397.000000 0.080287
0 3025.000000 3132.000000 156.000000 388.000000 0.000000
0 3227.500000 3128.000000 175.000000 400.000000 0.062419
0 3432.000000 3162.500000 166.000000 393.000000 -6.222378
0 3636.500000 3131.500000 159.000000 357.000000 -6.244419
0 3831.500000 3118.500000 175.000000 419.000000 0.000000
0 4038.689549 3151.724331 169.064745 389.342367 0.086936
0 4241.000000 3170.500000 194.000000 403.000000 0.000000
0 4448.154986 3175.440458 191.682221 380.432931 -6.248334
