0 1139.704116 85.000000 118.617701 425.791015 4.830585
0 1098.919138 259.666029 195.080343 453.721099 4.720310
0 1117.747622 478.940060 190.368929 397.389683 4.747291
0 1140.666778 709.402518 200.752258 462.271418 4.739468
0 2649.992302 1475.878490 175.460245 390.066672 0.049323
0 2862.500000 1503.000000 187.000000 394.000000 0.042063
0 3095.500000 1483.000000 171.000000 384.000000 0.000000
0 3296.500000 1488.000000 175.000000 350.000000 0.000000
0 3498.500000 1524.000000 165.000000 410.000000 6.203773
0 3704.500000 1528.500000 191.000000 431.000000 0.000000
0 3897.500000 1518.000000 163.000000 372.000000 0.065049
0 4112.500000 1537.500000 187.000000 409.000000 0.039350
0 4322.500000 1538.000000 189.000000 362.000000 0.000000
0 4542.500000 1594.000000 209.000000 412.000000 0.000000
0 4749.000000 1597.500000 172.000000 387.000000 0.000000
0 4711.500000 2601.000000 159.000000 378.000000 0.000000
0 4518.500000 2623.500000 175.000000 353.000000 0.000000
0 4309.500000 2570.500000 169.000000 397.000000 0.000000
0 4121.500000 2586.000000 175.000000 384.000000 0.000000
0 3899.000000 2586.000000 172.000000 366.000000 -6.219667
0 3668.500000 2597.000000 175.000000 368.000000 0.000000
0 3468.500000 2564.000000 175.000000 390.000000 0.000000
0 3225.500000 2548.500000 175.000000 415.000000 0.000000
0 1886.000000 2531.000000 184.000000 406.000000 -6.151048
0 1539.000000 3214.500000 166.000000 415.000000 0.025192
0 1792.500000 3213.000000 203.000000 406.000000 0.000000
0 2203.000000 3204.500000 220.000000 371.000000 0.000000
0 2441.500000 3182.000000 165.000000 372.000000 0.000000
0 2659.500000 3227.000000 193.000000 416.000000 0.000000
0 3080.000000 3211.000000 184.000000 378.000000 0.000000
0 3295.000000 3172.000000 178.000000 388.000000 0.047103
0 3698.500000 3195.000000 203.000000 472.000000 -6.242705
0 3896.000000 3210.500000 178.000000 403.000000 0.000000
0 4125.000000 3200.000000 194.000000 394.000000 0.000000
0 4478.000000 3217.500000 206.000000 347.000000 0.000000
0 4717.000000 3204.500000 210.000000 453.000000 0.000000
