0 907.748195 82.554209 153.061204 357.309219 -1.542502
0 867.996113 277.333222 172.713087 452.703346 -1.533813
0 893.742350 508.976190 184.293748 403.701196 -1.485419
0 836.647233 728.224365 199.661379 421.175053 -4.740953
0 826.259847 948.424149 205.906852 455.871506 -1.620181
0 889.000000 2299.000000 232.000000 400.000000 -1.597417
0 859.500000 2751.500000 227.000000 395.000000 -1.628324
0 1406.303985 2823.164621 216.957577 462.600318 -4.697827
0 1421.117248 2410.745093 196.119049 461.422626 -4.694133
0 1451.271167 617.211958 199.214150 466.267755 -4.728714
0 1414.812819 166.003894 236.175009 503.520384 -4.724633
0 2467.772649 77.500000 150.534497 475.253074 -1.565604
0 2490.561993 276.236371 191.336937 484.066120 -1.516072
0 2468.406358 526.785244 201.242538 471.997795 -1.576749
0 2507.987112 757.918084 223.818187 450.715076 -1.525122
0 2519.587311 991.821798 211.844182 398.764522 -1.565145
0 2524.479790 1223.652044 192.761816 454.211408 -1.597222
0 2513.500000 1672.000000 227.000000 464.000000 -1.496483
0 2471.916491 1934.243895 190.463944 406.028569 -4.691982
0 2493.485214 2140.928721 206.650725 468.128275 -1.528756
0 2489.097555 2361.242706 194.567241 432.930679 -1.533947
0 2479.791790 2756.931735 240.538653 442.753221 -1.537938
0 2460.936536 2980.042530 192.994408 414.264314 -4.626260
0 2465.722188 3196.474412 209.362356 444.692647 -1.499056
0 2456.278759 3419.121568 198.173035 447.348404 -1.504807
0 2463.923112 3574.510770 111.790340 432.603994 -1.536800
0 3240.683142 3111.341283 239.405058 463.507587 -5.430826
0 3206.180568 2795.535099 198.601215 439.752476 -5.507888
0 3211.500000 2485.500000 238.201040 412.395762 -5.506113
0 3216.080577 2171.377734 210.017849 446.572481 -5.395418
0 3201.627523 1853.526291 201.876254 442.748636 -5.439144
0 3258.583707 188.500000 75.753904 456.348818 -5.493145
