0 2037.967786 140.364047 209.560074 442.911090 4.612395
0 2093.453815 378.758054 220.074562 431.083258 -1.597505
0 2111.575815 1772.717095 198.329402 421.901041 -4.726007
0 3129.829387 2862.316212 221.792948 404.618961 -1.541958
0 3162.694349 2429.503217 227.026371 386.690001 -1.581120
0 3110.998123 1056.855090 220.666646 438.125671 -1.579083
0 3118.816224 824.152651 197.994811 448.718629 -4.781031
0 3177.283521 598.733351 202.306398 448.011525 -1.556853
0 3165.742966 364.974727 211.973349 439.303424 -1.538495
0 3203.329288 134.500000 202.880435 418.204884 -1.536746
0 3731.157099 240.876137 229.985641 473.647326 4.747021
0 3776.423849 707.776862 214.558664 466.519569 4.738024
0 3716.298172 2528.170172 222.758204 489.172778 4.747223
0 3712.563404 2959.193536 198.235609 475.492164 4.736439
