0 1596.924699 66.944180 131.817563 403.979333 4.712564
0 1575.171644 640.045049 210.875790 485.679889 1.589474
0 1581.710298 1085.985476 186.869979 411.300457 4.705493
0 1606.891017 1724.051420 180.082510 391.904096 4.732423
0 1605.145748 2109.697730 186.100658 399.192018 4.698664
0 1604.695467 2338.378542 185.600298 393.321528 4.726784
0 1639.004639 2740.257864 204.800408 447.014512 4.745495
0 1631.404676 2934.959093 153.119484 414.297560 1.577956
0 1605.966779 3118.496679 160.851600 347.953625 4.735957
0 2632.000000 3314.000000 197.038660 416.384157 4.743755
0 2621.020257 2896.958366 189.150384 430.775365 1.624696
0 2659.759487 2696.210163 173.594157 404.637810 4.767400
0 2639.247410 2041.608306 195.526709 431.386540 1.559828
0 2640.244116 1403.410575 182.069749 433.887159 4.691984
0 2593.916960 1195.072170 193.939020 392.754315 1.610630
0 3041.542810 122.444444 386.433520 233.843979 0.023576
0 3185.533336 967.360534 195.413349 420.981285 1.528129
0 3060.276374 1618.970553 190.698797 407.038447 4.720660
0 3080.638530 1841.057865 188.644897 413.474523 1.564130
0 3126.690599 2060.754928 168.461934 414.350807 1.518305
0 3082.577973 2503.840766 194.060292 401.960002 4.738071
0 3085.915485 2877.395899 179.703617 429.806194 4.762979
0 3087.648068 3123.774657 219.351470 434.262933 1.559543
0 4205.918528 3532.349375 445.216069 226.960029 0.005266
0 4200.695298 3145.486187 235.231139 495.403524 4.724122
0 4174.839548 2903.506886 206.943214 485.837780 1.582970
0 4251.321170 2474.171140 219.949605 470.467070 1.557464
0 4187.859558 2026.491619 208.055460 472.077830 1.581516
0 4213.133066 1357.077776 196.069532 444.321793 1.508098
0 4213.000000 1091.500000 199.000000 480.000000 1.570796
0 4207.437712 848.738106 222.342213 572.401320 1.547746
