0 323.675754 970.459167 226.962787 484.357840 0.783583
0 378.968015 1622.590710 247.700729 485.445135 0.783332
0 1188.049255 2993.709914 202.584475 441.610890 4.631936
0 1166.519164 2774.729214 180.073338 385.243082 4.667340
0 1126.359120 2569.413944 194.441556 453.527319 4.653430
0 1146.730208 2370.960202 206.568020 443.021714 4.691172
0 1162.606727 2105.789724 187.898899 473.589258 4.687601
0 1129.226051 1846.377583 203.437111 462.535298 4.719276
0 1089.229609 1606.893452 198.151491 440.539688 4.749239
0 1127.313272 1387.389213 207.080348 471.345592 4.742537
0 1105.304979 1155.342850 191.261848 429.262900 4.768958
0 1085.869228 922.713730 206.342901 444.321720 -1.519804
0 1064.759536 697.597699 191.399433 448.423973 -4.761530
0 1087.861184 474.448544 200.435023 438.143142 -4.774401
0 1059.746559 225.801461 199.246391 460.820982 -4.770342
0 1089.317123 41.000000 45.531873 384.485328 -4.802641
0 2216.890171 62.526486 109.617738 437.085233 -1.601659
0 2186.663193 454.604463 221.112756 450.578429 -1.580365
0 2232.621911 908.831337 203.977777 447.296221 -1.635188
0 2217.597286 1359.026453 207.289703 466.346588 -1.624524
0 1794.672577 1571.948807 200.962164 481.258865 6.176662
