0 3050.569540 202.016620 219.645203 404.033241 1.681433
0 3025.876724 395.486746 175.993838 418.732214 4.812272
0 2995.611508 791.215613 181.279609 420.360766 4.782043
0 2976.695423 1015.005678 165.407330 413.937324 4.756207
0 2998.659100 1218.015692 168.485687 401.804437 1.662256
0 2952.000000 1424.000000 178.000000 360.000000 4.762598
0 2420.519452 1449.863240 225.418830 595.306776 3.194859
0 2146.940567 1393.578989 181.840494 445.167768 3.211899
0 1793.983497 1437.605156 177.362292 425.340859 0.063590
0 1572.209832 1425.928650 163.922522 408.746063 0.091079
0 695.500000 1394.000000 185.000000 344.000000 0.000000
0 462.000000 1339.000000 206.000000 452.000000 3.157808
0 1228.000000 2440.500000 212.000000 407.000000 0.000000
0 1897.674598 2481.531716 188.992249 425.040149 3.161480
0 2106.000000 2486.000000 162.000000 410.000000 3.205173
0 2331.500000 2497.500000 163.000000 437.000000 3.201717
0 2527.004784 2508.237407 155.693948 379.362180 3.210827
0 2733.000000 2530.500000 172.000000 425.000000 3.144721
0 2962.500000 2531.000000 187.000000 418.000000 3.156026
0 3162.000000 2539.500000 162.000000 409.000000 0.000000
0 3347.028334 2534.239049 172.216985 407.488299 0.038923
0 3556.500000 2525.500000 193.000000 419.000000 0.029449
0 3855.660042 2238.579957 154.795202 349.707868 1.673756
0 3877.603774 2054.275604 153.794262 346.680340 1.684836
0 3918.531276 1843.761040 159.354995 390.693290 1.710783
0 3931.289527 1652.914072 145.044187 379.088226 1.697726
0 3954.966683 1453.385080 164.163353 415.769292 1.705660
0 3949.846276 1022.999676 178.214040 382.312335 1.703621
0 3958.788672 827.911416 176.990193 375.629700 1.678692
0 4015.965154 631.667145 178.208507 379.481450 1.688531
0 4039.336367 250.008582 183.978070 344.480849 1.703660
0 4037.425926 72.444476 399.279324 136.483682 0.016087
0 3145.492324 3155.106576 176.495023 355.635010 0.048584
0 2838.000000 3183.500000 200.000000 493.000000 0.065286
0 2522.000000 3182.500000 218.000000 441.000000 0.000000
0 1914.000000 3114.000000 190.000000 434.000000 0.000000
0 1684.500000 3108.000000 175.000000 390.000000 3.218091
0 1453.000000 3101.500000 194.000000 429.000000 0.047093
0 69.585374 3099.553190 136.829250 418.893756 3.142408
