0 1365.278969 400.041897 211.852084 472.899967 4.724554
0 1350.382686 637.573827 187.832821 439.852282 4.756051
0 1355.502565 856.831773 209.874033 443.274553 4.759084
0 1326.942195 1094.036935 186.266970 463.277267 4.768436
0 1324.906143 1317.977506 218.571028 494.841387 4.715370
0 1341.464441 1785.723680 203.828459 458.122360 4.727115
0 1306.177028 1997.491815 182.412816 421.704515 4.690211
0 1372.000000 2888.000000 262.000000 506.000000 4.703891
0 1339.096005 3351.892219 190.439586 489.214710 4.684961
0 2461.673506 333.137911 204.118479 432.325501 -1.543776
0 2471.873891 98.344549 175.617857 439.745125 -1.562384
