0 413.851211 1704.223706 213.951981 490.457190 0.807531
0 469.315306 2009.216595 210.172763 473.953384 0.717513
0 474.211671 2347.577868 191.661301 441.111489 0.819309
0 491.157357 2679.381957 191.751850 450.701546 0.862803
0 533.860065 2964.360780 206.088053 428.489849 0.795499
0 1246.138667 3543.000000 190.473759 454.409993 4.669011
0 1256.736009 3096.533428 216.127960 456.863114 4.749507
0 1266.115860 2861.737625 202.692281 433.979717 -1.591133
0 1260.428724 2640.921212 192.297883 445.244609 4.722374
0 1249.927635 2415.545608 194.876023 422.976676 4.711052
0 1243.673054 2014.007864 217.805894 471.116020 4.695849
0 1265.955921 1781.054889 189.419168 421.947571 -1.581418
0 1243.540192 1543.646913 200.911634 427.421027 4.730139
0 1240.124359 1304.648968 202.501887 443.411397 4.724094
0 1234.490155 1099.300221 184.418312 470.557653 4.737384
0 2369.412063 1887.624867 217.543919 452.904399 1.560239
0 2367.500000 2337.500000 247.000000 441.000000 1.561200
0 2917.479980 2412.093102 220.867694 380.956655 4.680897
0 2950.158850 1979.583622 193.583926 424.438246 4.705917
0 3944.078715 3033.136381 187.821854 413.403356 1.546510
