0 212.289884 552.715075 203.660156 417.962092 0.658806
0 365.885696 718.895070 218.887538 385.053625 -5.647952
0 558.097206 856.177117 193.139712 408.163163 0.692719
0 724.556466 983.135205 189.087418 434.659417 0.627943
0 888.573938 1097.710127 190.350310 408.120770 0.639668
0 1062.076576 1273.333572 208.387360 413.954103 0.607213
0 1258.664336 1396.463156 187.803060 381.038250 -5.655316
0 1432.117764 1528.666209 175.040622 352.917403 0.663883
0 1600.518534 1665.759893 183.231298 362.190860 0.681373
0 1780.874266 1808.053165 176.633299 405.007303 0.605435
0 1937.955072 1945.458548 197.876600 439.371646 0.608716
0 2122.033947 2064.525770 182.713290 417.511578 0.620517
0 2664.656913 2456.228006 191.013280 387.554950 0.570981
0 2820.886590 2603.937587 195.270585 435.797202 0.592306
0 2995.708705 2724.995272 180.123385 382.539517 0.588003
0 3165.360580 2855.881433 180.088378 374.417384 0.640209
0 3685.963005 3246.015420 196.184349 396.091887 0.601622
0 4000.160464 3445.562774 191.110769 351.228887 0.584377
