0 1416.000000 1500.000000 214.000000 464.000000 4.644654
0 1433.633175 1732.872112 207.782807 433.859871 4.655166
0 1484.524289 2387.913066 212.190010 455.830501 4.690372
0 1520.663828 2821.548209 205.978963 428.268122 4.700571
0 1583.063964 3424.570720 242.087228 456.086898 4.687926
0 2510.454948 2904.421472 209.514262 452.550227 1.527641
0 2517.853889 2458.906496 230.599871 438.729088 1.498237
0 2491.832955 2050.000225 200.483217 461.198954 1.522533
0 2529.816660 1793.136000 203.672373 446.651887 1.509062
0 2444.331120 1344.340888 223.096721 442.130134 1.538359
0 2461.474442 1114.539781 195.119191 434.712403 1.552408
0 2443.298837 891.529214 194.870296 419.425616 1.546646
0 2446.349345 661.746846 196.206342 439.275962 1.573729
0 2452.328413 437.067584 192.416415 502.049701 1.506702
0 3732.000000 494.500000 300.000000 591.000000 3.115830
