0 2100.541980 533.878272 204.820327 446.366072 4.711097
0 2096.830191 772.057117 231.634210 520.735966 4.732164
0 2066.635659 1649.729006 208.208501 467.381039 4.666485
0 2102.133520 1866.434270 209.849882 447.028593 -1.591663
0 2094.603309 3211.608461 211.693208 399.160349 4.748321
0 3106.499585 2553.895341 203.488371 423.866666 -1.553693
0 3108.655049 2343.930810 184.515493 405.980819 4.684064
0 3169.044707 2121.520914 192.815405 425.347370 -1.534806
0 3152.614536 1896.448023 185.908257 424.390464 -1.506247
0 3205.832508 1677.270872 200.089950 407.056908 -1.527658
0 3129.527545 1457.118456 196.190862 417.622962 -1.614469
0 3143.011032 1229.844986 200.233531 449.162574 -1.522488
0 3173.919938 992.644872 191.614889 427.011045 -1.509940
0 3742.758190 435.207314 204.677906 450.794032 4.654504
0 3750.002090 875.276752 211.041965 468.469458 4.743358
0 3745.203163 1139.591932 229.928118 495.720814 4.714181
0 3713.012777 1796.690342 221.099448 463.388916 4.741792
0 3743.709735 2249.763615 224.948774 453.620523 4.760429
