0 712.154619 94.221667 358.996925 183.657740 6.275410
0 421.000000 2346.000000 206.000000 350.000000 3.415252
0 783.000000 2419.000000 190.000000 384.000000 0.260387
0 2551.443655 2932.103110 188.090959 477.540800 3.417608
0 1561.719230 1608.672012 161.997453 397.728836 1.536306
0 1535.948729 1415.149648 183.373610 390.282194 4.649073
0 1526.000000 1218.000000 154.000000 398.000000 4.712389
0 1480.625716 656.126980 186.470759 429.977352 1.562047
0 2525.333549 855.128535 176.094107 424.362878 1.459207
0 3037.527202 1682.075662 205.173030 401.901927 4.644016
0 3052.558955 1444.075150 188.675924 428.775225 4.608434
0 2973.192520 585.403590 174.210467 400.828647 4.616882
0 4060.000000 271.000000 212.000000 462.000000 1.467507
0 4160.759027 1312.610923 213.451820 470.645925 1.440332
0 4180.159532 1548.931755 183.520050 417.418882 1.510742
0 4228.152512 1991.395405 172.599099 418.467339 1.502410
0 4246.966777 3408.577730 203.306620 379.650270 3.357947
0 4680.428578 3486.185809 239.959539 268.499474 3.412165
0 4662.132650 2191.000000 173.865642 379.762693 4.592607
0 4652.000000 1735.500000 185.315695 406.633857 4.619976
0 4647.792924 1079.366304 218.058343 416.841175 4.635204
0 4526.900140 214.261296 178.560884 428.522592 4.532407
