0 871.088442 2161.610308 182.305006 433.723490 1.604826
0 829.655582 2404.824820 171.826020 459.933716 1.589227
0 830.597636 3262.249328 177.745885 413.104852 1.594347
0 1304.606183 3052.445560 169.118482 388.198250 4.699632
0 2370.968457 2418.584764 166.595650 397.086278 4.774064
0 2377.743648 2631.499549 172.461702 405.323609 1.586795
0 2362.881088 2829.942098 167.343938 387.611250 1.683947
0 2333.779140 3385.012163 201.293236 423.721440 4.830184
0 3694.444070 1808.745744 178.602048 384.457848 0.403146
0 3326.049038 1699.481355 179.393887 396.366500 3.543842
0 1518.662983 959.630648 202.330120 492.366266 0.349439
0 369.774198 905.866907 218.724263 430.994127 3.396824
