0 138.000000 506.949767 121.952723 397.883780 -0.421292
0 286.000000 406.000000 184.000000 406.000000 -0.410263
0 474.126161 298.555345 204.455807 479.310267 5.929673
0 702.260972 251.843873 193.622316 421.356397 5.929803
0 912.995072 198.114553 198.068089 349.284794 -0.324793
0 114.500000 1035.837566 135.301089 274.512282 5.905486
0 273.500000 923.500000 197.000000 403.000000 5.965115
0 460.806680 824.052081 196.456298 382.014288 5.909379
0 663.936423 747.269267 195.542126 374.934958 5.940604
0 865.700999 683.239383 181.974531 351.121942 5.928228
0 1064.214270 577.393919 198.965781 374.019760 5.952691
0 1285.000000 511.500000 206.000000 447.000000 5.948823
0 1585.500000 422.000000 197.000000 444.000000 -0.357191
0 1780.114739 338.314795 177.241242 397.390497 5.890666
0 1992.197991 285.468550 179.403746 400.903429 5.897948
0 2216.000000 221.404096 212.561105 388.676085 5.882312
0 3782.500000 729.500000 203.000000 397.000000 -0.390979
0 3561.500000 835.500000 159.000000 409.000000 -0.391149
0 3372.426935 940.767921 150.613085 368.044868 -0.395752
0 3168.256083 1011.852686 173.312820 393.435248 -0.383557
0 2963.000000 1091.500000 178.000000 413.000000 -0.390320
0 2732.500000 1132.500000 203.000000 447.000000 -0.372376
0 2351.214749 1321.567512 177.232355 438.172735 -0.405083
0 2165.000000 1420.500000 200.000000 409.000000 -0.337456
0 1731.000000 1525.000000 182.000000 444.000000 5.945099
0 1550.000000 1611.000000 182.000000 410.000000 -0.381034
0 1338.500000 1698.500000 185.000000 385.000000 -0.369980
0 978.481305 1841.492299 170.498213 356.666495 -0.443448
0 739.500000 1932.000000 191.000000 428.000000 -0.351103
0 540.232702 2026.781834 187.085809 416.527005 -0.290245
0 357.614015 2110.224951 192.126048 389.567521 -0.364171
0 167.254956 2179.745217 194.180199 422.163495 -0.294937
0 230.000000 2831.000000 184.000000 332.000000 5.889126
0 430.979339 2745.096011 225.172432 390.494542 5.902679
0 643.500000 2671.000000 187.000000 390.000000 5.859037
0 822.015611 2560.473596 200.102078 355.198153 5.922741
0 1026.242606 2507.495505 205.332154 393.234080 5.927171
0 1194.500000 2424.000000 163.000000 384.000000 5.878486
0 1421.000000 2382.500000 172.000000 415.000000 5.924928
0 1611.000000 2302.500000 184.000000 381.000000 5.918528
0 1825.236890 2204.533111 162.758677 370.936625 5.948648
0 2049.000000 2122.000000 160.000000 332.000000 5.918778
0 2248.962622 2062.490048 178.637213 394.492878 5.954947
0 2461.258083 1982.351553 182.375805 404.181129 5.953258
0 3724.000000 1500.000000 184.000000 438.000000 5.963135
0 3420.500000 2729.500000 159.000000 359.000000 -0.375475
0 3220.000000 2796.000000 172.000000 372.000000 -0.362544
0 3013.500000 2891.500000 159.000000 403.000000 -0.384169
0 2833.392224 2970.593608 158.329573 339.564011 -0.347533
0 2624.578492 3025.575331 174.373301 436.654386 -0.446251
0 2433.734563 3111.057119 183.699819 422.255953 -0.359359
0 2250.275050 3180.079371 167.389056 392.913718 -0.326445
0 2042.507060 3253.605733 186.591453 412.173903 -0.344980
0 1830.500000 3340.500000 169.000000 375.000000 -0.344773
0 1608.945182 3375.169409 212.875554 427.895524 -0.342176
0 1414.000000 3439.287333 184.000000 378.000000 -0.333888
0 1200.891474 3453.379984 194.554406 345.973357 -0.315176
