0 255.851198 205.813828 218.701960 411.627657 1.110303
0 531.919465 669.720504 183.197552 385.624957 4.197427
0 621.070386 844.124980 175.464437 384.522443 4.137856
0 735.448226 1014.263874 182.018728 374.013554 1.000756
0 2054.399745 394.357779 181.385360 381.952905 4.105611
0 1952.580515 210.459796 204.347880 420.919593 4.155022
0 3191.975660 161.574673 184.518664 317.313666 1.032240
0 3630.880280 139.907674 170.446690 233.512333 4.052471
0 3859.577176 1390.630142 216.985982 422.165550 2.962163
0 2159.890397 1740.492877 177.807242 463.990805 2.970478
0 385.566383 2111.583330 205.737648 400.987545 6.159904
0 77.987568 2212.077465 152.971770 354.040770 3.138757
0 4313.717328 1310.687639 244.233292 397.352956 2.896867
