0 344.000000 2973.500000 244.000000 359.000000 0.000000
0 583.500000 2959.500000 215.000000 431.000000 0.040701
0 838.000000 2922.500000 218.000000 425.000000 0.000000
0 1045.000000 2916.000000 190.000000 362.000000 0.000000
0 1270.381512 2930.239421 180.722855 441.065603 6.126741
0 1483.000000 2913.500000 190.000000 459.000000 0.000000
0 1705.000000 2885.000000 172.000000 412.000000 0.000000
0 1930.000000 2874.500000 172.000000 431.000000 0.000000
0 2162.500000 2863.000000 175.000000 400.000000 0.000000
0 2383.500000 2900.000000 197.000000 438.000000 0.000000
0 2596.000000 2888.500000 194.000000 407.000000 0.000000
0 2806.000000 2910.000000 188.000000 444.000000 0.000000
0 3019.000000 2858.000000 194.000000 472.000000 0.000000
0 3420.500000 2823.500000 209.000000 415.000000 0.000000
0 3639.500000 2850.000000 176.603574 395.014149 6.253997
0 3844.000000 2830.000000 174.000000 402.000000 0.000000
0 4073.500000 2853.000000 221.000000 462.000000 0.000000
0 4467.000000 2798.500000 234.000000 441.000000 0.000000
0 4797.500000 2791.500000 125.000000 385.000000 0.000000
