0 412.726024 245.688741 248.213865 461.004196 0.857355
0 447.000000 577.000000 244.000000 440.000000 0.887212
0 459.079239 2296.628482 230.012526 446.976563 0.806552
0 432.500000 2977.000000 181.000000 472.000000 0.829559
0 1281.875860 3550.500000 183.971579 429.145734 4.686544
0 1225.702796 3324.843086 180.115716 431.590075 4.730109
0 1261.257853 3080.553706 178.272378 440.579973 4.750414
0 1275.225304 2853.221846 198.077587 471.072013 4.784617
0 1298.066306 2627.336040 209.179238 455.184201 4.735353
0 1293.504481 2382.426925 199.341830 456.134921 4.748263
0 1276.665987 2156.638218 195.421831 461.192877 4.699660
0 1281.020696 1919.378098 201.256872 445.059010 4.618230
0 1213.947035 1703.012617 206.541678 413.611462 4.713759
0 1191.997987 1479.102225 210.663453 442.099080 4.683478
0 1191.188396 1237.766031 203.287115 470.000084 4.627011
0 1185.925059 762.790573 200.373907 466.085156 4.777589
0 1209.667378 496.678915 214.433041 491.249056 1.591675
0 1192.500000 288.500000 210.298556 483.802147 4.816265
0 1190.311128 84.870632 152.821871 454.659477 4.733219
0 2312.357923 58.461662 108.193570 426.805240 1.554996
0 2328.500000 1815.000000 225.000000 506.000000 1.581378
0 2360.885023 2272.329788 204.972483 443.671113 1.558139
0 2353.893211 2922.965754 212.649354 460.679387 1.591341
0 2367.583929 3158.853421 213.291975 437.212551 1.588073
0 2374.392201 3561.500000 150.419782 421.959736 1.516736
0 2895.967492 3026.280459 189.692706 423.475199 4.716305
0 2909.587301 2800.140622 187.840808 433.672176 4.697489
0 2925.986327 2583.337193 166.474578 405.976121 4.667124
0 2863.756383 2375.449643 171.292837 386.107441 4.703029
0 2900.301020 2153.926138 190.317079 437.384479 4.745231
0 2878.000000 1925.500000 199.000000 420.000000 4.712389
0 2939.765161 1703.798320 165.956530 391.296703 1.511319
0 2929.350784 1480.091307 192.315183 426.875368 4.655724
0 2878.098381 102.000000 201.393189 406.107718 4.713884
0 3916.000000 772.000000 200.000000 412.000000 1.582379
0 3913.140024 2140.961846 201.039396 443.284431 4.710217
0 3979.595063 2370.908614 201.533385 428.067247 1.481860
0 3941.747593 3212.593318 216.208697 530.773927 -1.588435
0 3947.552651 3438.172975 191.066493 447.859924 -1.609368
