0 1082.791641 123.500000 166.619701 195.491931 0.400715
0 1287.140671 183.364478 193.716478 312.824263 0.422098
0 1524.055883 261.700253 192.727645 396.263670 0.467197
0 1729.696660 352.181858 184.320683 353.913560 0.418823
0 1915.756058 459.853423 192.125790 420.579736 0.354593
0 2105.151065 546.517965 191.990027 414.689804 0.426123
0 2306.024851 639.905363 173.806916 396.717698 0.431042
0 2505.895928 741.319126 186.656219 410.966219 0.467820
0 2703.948866 841.373835 165.865010 383.401536 0.463648
0 2880.527094 978.267406 196.945020 411.878345 0.451853
0 3068.093716 1075.374790 168.077497 396.679713 0.441731
0 3242.867515 1177.885112 185.016312 409.693348 0.440277
0 3458.887146 1246.593209 197.180018 427.151208 0.465518
0 3823.757541 1410.373569 193.881006 414.154542 0.450519
0 4000.640794 1533.114048 176.520269 396.536253 0.454691
0 4171.857143 1623.500000 178.000000 375.000000 0.461259
0 4372.393932 1730.513370 244.889170 471.138348 0.485136
0 4689.417984 1858.057752 193.144381 431.662369 0.409883
0 4156.859623 2739.511806 227.906673 414.503160 0.409571
0 3776.304783 2554.565646 219.047586 409.098420 -5.862989
0 3402.990775 2357.197410 169.127194 334.356751 -5.884211
0 3202.171092 2275.073840 169.287151 404.785270 -5.886200
0 3005.246501 2172.503247 175.878895 381.752995 -5.882755
0 2809.485780 2129.262150 170.426831 348.646965 -5.865280
0 2629.157698 2028.507392 157.843625 378.240563 -5.904141
0 2446.857143 1946.000000 150.000000 364.000000 -5.861292
0 2268.857143 1803.500000 168.000000 393.000000 -5.922456
0 2080.675586 1729.089067 166.774894 400.491112 -5.894046
0 1873.357143 1641.000000 161.000000 382.000000 -5.829814
0 1640.357143 1546.500000 189.000000 421.000000 -5.824335
0 1457.117500 1420.427192 185.985888 388.970411 -5.840602
0 1215.357143 1326.500000 175.000000 425.000000 -5.845205
0 79.874147 1362.573953 134.158506 83.161609 0.520295
0 211.115381 1566.185668 223.663904 388.597457 0.411671
0 410.441258 1707.064364 207.027475 440.464257 0.408102
0 834.483496 1858.214684 198.186304 440.571797 0.354361
0 1042.857143 1941.500000 172.000000 397.000000 0.405592
0 1432.835004 2171.294518 190.590188 432.204838 -5.804405
0 1628.357143 2245.000000 193.000000 418.000000 0.417665
0 1836.357143 2350.500000 197.000000 379.000000 0.407745
0 2185.357143 2490.500000 179.000000 325.000000 0.417557
0 2415.857143 2608.000000 196.000000 414.000000 0.425751
0 2614.857143 2682.500000 186.000000 379.000000 0.417401
0 2813.898010 2771.988942 185.353773 389.238814 0.449537
0 2991.287522 2859.183924 201.620776 400.461685 0.425205
0 3165.542403 2975.851823 189.982474 414.970877 -5.833313
0 3371.538368 3018.304143 192.608724 360.691856 -5.830290
0 3537.292882 3128.001938 186.515211 369.641741 0.455542
0 3711.470751 3203.025202 201.984987 393.313827 0.453555
0 3894.737752 3323.224385 199.790943 379.071569 0.455739
0 4073.357143 3428.000000 189.000000 332.000000 -5.886061
0 1845.358361 3493.127463 197.548265 220.707289 -5.890286
0 1623.357143 3455.592679 147.000000 357.000000 -5.811584
0 1428.578791 3370.775597 191.874289 384.409015 -5.853554
0 1202.857143 3305.500000 154.000000 339.000000 -5.858036
0 981.357143 3215.500000 171.000000 375.000000 -5.833200
0 733.029383 3052.217837 184.272155 444.321517 0.414636
0 509.357143 2979.500000 171.000000 365.000000 -5.836435
0 322.139854 2850.433444 175.435965 419.284623 -5.855838
0 131.582639 2698.000000 166.639037 268.603029 -5.866093
0 267.828202 3403.378644 183.133906 447.085431 -5.805785
0 535.584493 3445.500000 197.626646 354.159587 0.456051
0 844.857143 3509.500000 207.536756 210.887398 0.418224
0 1072.857143 3563.918712 196.000000 96.000000 0.424194
