0 323.973663 870.982889 220.292779 449.959918 0.731821
0 340.575056 1211.368073 217.510587 487.479432 0.802008
0 355.920188 1547.163171 251.977729 499.404223 0.783297
0 376.913726 2520.310176 219.732216 491.840008 0.784242
0 430.000000 3178.000000 216.000000 528.000000 0.790634
0 1214.599432 3561.500000 152.789141 469.664322 4.681976
0 1188.424293 3349.940173 193.660307 448.626323 4.712226
0 1141.459697 3120.397585 196.761670 439.829719 4.737719
0 1186.113879 2902.004343 178.715001 462.656129 -4.728203
0 1146.250681 2675.168329 176.859529 423.370862 -4.676324
0 1154.205977 2462.195016 180.545648 420.147937 1.556844
0 1111.572396 2224.127695 193.877637 425.735637 4.687874
0 1141.801268 2002.294966 192.415885 429.120651 4.650496
0 1110.290523 1755.984107 207.689591 461.512564 4.682986
0 1167.646387 1489.669254 215.773151 470.188845 4.687649
0 1102.917198 1283.298039 183.945879 405.349828 4.645581
0 1106.456258 1041.757605 194.285599 470.425563 4.614091
0 1071.985497 804.815336 197.841536 449.061458 4.717307
0 2267.876428 825.027601 242.845426 470.815824 1.573133
0 2261.000000 1537.500000 256.000000 431.000000 1.551221
0 2229.137398 1939.555262 235.498193 452.376690 1.565038
0 2280.259397 2390.071406 215.734644 438.928688 1.539416
0 2257.248538 2835.795763 201.664609 476.312983 1.522447
0 1845.500000 3038.500000 235.000000 503.000000 6.191356
