0 255.857143 244.000000 160.000000 354.000000 -6.209246
0 470.357143 271.500000 217.000000 405.000000 -6.223865
0 701.653435 267.269298 187.230059 430.743287 -6.201799
0 937.857143 296.000000 200.000000 412.000000 -6.187587
0 1281.815767 2601.146794 203.908516 467.663445 -4.694388
0 1243.307582 3022.282730 221.979783 434.766677 -4.632477
0 1251.781025 3460.878901 215.802154 448.085985 -4.642009
0 2281.688186 3529.177210 208.919695 418.228315 1.616099
0 2307.998042 3321.111272 207.362244 409.851616 1.626295
0 2321.554253 3095.314934 191.710814 371.033874 4.886267
0 2322.950005 2890.646844 194.741048 407.699604 -1.438580
0 2326.035714 2677.996888 194.928802 428.114429 -1.501736
0 1705.857143 2435.500000 236.000000 505.000000 -0.095092
0 2380.228028 2458.345063 199.940790 394.953922 -1.468806
0 2362.573795 2231.036423 213.304070 432.574602 -1.477490
0 2362.045232 1980.624349 196.410431 462.966652 -1.475045
0 2397.955697 1737.079357 227.328959 456.754165 -1.478278
0 2434.122255 1532.609781 194.200942 430.477652 -1.508125
0 2437.599321 1319.214954 193.896134 373.833381 -1.535097
0 2431.350554 1081.693957 203.184116 428.066192 -1.575951
0 3025.857143 2506.500000 190.000000 429.000000 -5.407127
0 3034.872178 3139.950500 262.850796 438.450830 -5.404068
0 4545.664144 3127.894765 246.411420 528.414506 -1.509710
