0 521.633340 571.221170 183.855233 409.101862 4.693480
0 663.374012 1445.433604 174.057230 432.241945 1.594624
0 555.915982 1881.022933 183.457288 470.294982 1.615477
0 608.451478 2103.053936 161.471638 452.250487 1.567306
0 573.416160 2312.354610 149.151175 424.896540 1.609047
0 561.260422 2559.380540 194.888023 503.796978 4.705156
0 499.188166 2972.659818 184.114372 468.609974 1.563947
0 533.432977 3188.316436 170.060260 473.187840 1.560896
0 528.758015 3581.676084 465.645847 128.109216 0.005440
0 1041.387172 3136.650045 157.493260 447.541600 4.665557
0 1021.099914 2745.265475 169.587895 402.046186 4.727063
0 1085.991544 2541.504317 153.202969 382.440670 4.682912
0 1079.259910 2104.416556 168.833409 399.243226 4.688297
0 1091.007216 1671.960998 162.642987 386.910020 4.731685
0 1145.077892 381.377429 175.087050 418.486332 4.780704
0 1093.970160 190.214235 185.244852 380.428470 1.648371
0 2202.539480 580.103586 189.295130 408.008504 1.636798
0 2177.929213 1023.548063 191.755670 489.382152 4.768510
0 2166.965626 1640.630213 164.032522 425.791764 1.668387
0 2179.821656 2284.035959 146.616199 370.588019 1.625665
0 2132.771940 2492.245828 150.742436 402.848300 1.612756
0 2065.430264 3535.781417 429.334718 189.006942 6.281372
