0 2598.000000 197.500000 232.000000 393.000000 0.000000
0 2353.558751 195.389396 177.026898 384.162543 0.026863
0 145.500000 1135.500000 245.000000 417.000000 0.000000
0 570.500000 1138.000000 223.000000 468.000000 0.000000
0 788.500000 1106.000000 177.000000 432.000000 0.000000
0 1010.000000 1142.000000 190.000000 414.000000 0.000000
0 1216.000000 1158.000000 196.000000 454.000000 0.000000
0 1431.500000 1201.000000 173.000000 414.000000 0.000000
0 1666.000000 1212.500000 222.000000 455.000000 0.000000
0 1889.000000 1226.000000 168.000000 400.000000 0.000000
0 2091.000000 1222.000000 182.000000 436.000000 0.000000
0 2302.000000 1230.500000 186.000000 445.000000 -0.070018
0 2527.000000 1262.500000 164.000000 373.000000 0.000000
0 2719.000000 1269.500000 164.000000 431.000000 -6.258889
0 2959.000000 1253.000000 164.000000 400.000000 -6.221601
0 3168.000000 1282.500000 154.000000 405.000000 -6.201003
0 3506.500000 3538.000000 205.000000 450.000000 -4.681119
0 3915.500000 3352.392733 223.000000 450.000000 -0.063348
0 4489.327570 3565.595202 136.872291 382.000000 1.644984
0 4612.500000 3387.500000 209.000000 405.000000 1.653821
0 4597.525652 3165.980554 185.511666 444.961219 1.631211
0 4593.000000 2937.000000 204.000000 450.000000 1.641268
0 3972.560207 227.500000 204.459370 432.970224 0.111296
