0 531.371523 214.980769 223.281735 372.953830 0.363367
0 731.491530 321.057726 207.558944 452.931724 0.331156
0 938.403974 406.340860 196.726613 387.985477 0.337238
0 1139.990490 467.972683 198.987936 378.644494 0.344380
0 1758.839439 741.506837 198.239146 411.333284 0.304131
0 2148.500000 913.961538 177.000000 396.000000 0.342064
0 3748.868770 1552.520625 200.939532 460.995070 0.414507
0 4528.619814 2957.237053 158.787594 434.091784 4.803684
0 4524.985174 3162.456729 160.998598 391.921764 1.617211
0 4513.992668 3347.581545 170.490603 383.432344 1.673107
0 3490.109312 3562.944444 374.593430 167.986133 6.277505
0 3058.077467 2960.411399 180.499319 413.149906 1.574665
0 3094.684036 2735.907157 170.631512 389.442753 1.577822
0 2008.226957 2304.514075 208.008956 385.940033 4.760759
0 2003.069857 2746.018859 172.067855 393.168820 4.752992
0 1996.522636 2962.644413 179.303190 406.606446 4.692471
0 1508.946902 3158.575915 175.722636 411.209975 1.563371
0 1567.621237 2522.923492 179.669448 413.706964 1.542591
0 1577.023984 2093.717709 159.851004 416.209099 1.501001
0 422.033688 2461.157507 191.573168 443.265843 4.737480
0 429.914985 2682.471570 178.677400 421.107377 4.753965
0 473.566338 3108.918465 190.596480 439.744406 4.649366
0 471.109273 3508.944444 471.462763 244.616900 6.275760
