0 1662.118228 588.974842 212.843918 523.536329 1.662814
0 1646.480040 947.011818 199.230690 493.761184 1.621452
0 1600.037412 2000.107845 189.558116 408.014630 4.834339
0 1572.625480 2197.087765 176.663975 401.506129 4.817527
0 1577.984775 2819.718369 203.558790 411.477263 4.840767
0 1548.421640 3419.838429 218.540200 488.783279 1.645314
0 2575.000000 2829.500000 194.000000 371.000000 1.601524
0 2591.040643 2418.370464 170.620113 372.971592 1.599514
0 2604.240002 1999.307689 194.463959 380.406806 1.605069
0 2663.070170 1787.900159 180.677162 401.235180 1.620018
0 2656.491275 1400.274115 191.226568 449.969617 1.575747
0 2741.684418 713.658359 212.593692 407.591649 1.661614
0 3185.594307 467.400000 221.730860 571.395494 1.590949
0 3167.939000 953.132696 207.198027 500.988502 4.761892
0 3143.209273 1369.048043 180.805072 451.055524 4.741605
0 3163.494324 1596.072763 219.251916 450.417107 4.745075
0 3103.207723 2007.422735 220.511957 497.505766 1.588236
0 3085.559290 2236.707327 201.869649 390.365395 4.792833
0 3063.056010 2434.307419 169.502776 401.846159 4.788030
0 3079.565014 2640.495577 191.244640 433.399400 4.791767
0 2960.784328 3057.415127 190.275895 399.271818 4.775220
0 4165.000000 2813.000000 206.000000 456.000000 1.672899
0 4181.895697 2181.636257 229.870969 562.726477 1.655787
0 4206.895625 1951.009399 184.053570 415.908059 1.618482
0 4236.256210 1733.357994 188.929744 465.012877 4.784959
0 4262.021925 1516.197932 196.545164 445.106543 1.641967
0 4268.292997 1290.283127 164.936657 477.960324 1.592415
0 4229.423947 1067.205440 204.632876 442.917218 1.562250
0 4274.474865 844.776527 177.778914 429.486105 1.557314
0 4294.652638 613.661873 202.804309 505.492824 1.597326
0 4302.037255 370.284360 206.526352 462.177253 1.579343
